------------------Test for each Algorithms------------------
34 [8, 1, 3, 3, 1, -1, -4, -6, 2, 8, 19]
34 [8, 1, 3, 3, 1, -1, -4, -6, 2, 8, 19]
34 [8, 1, 3, 3, 1, -1, -4, -6, 2, 8, 19]
34 [8, 1, 3, 3, 1, -1, -4, -6, 2, 8, 19]

------------------Test for each Algorithms------------------
30 [2, 9, 8, 6, 5]
30 [2, 9, 8, 6, 5]
30 [2, 9, 8, 6, 5]
30 [2, 9, 8, 6, 5]

------------------Test for each Algorithms------------------
50 [23, 24, -1, -7, -8, 19]
50 [23, 24, -1, -7, -8, 19]
50 [23, 24, -1, -7, -8, 19]
50 [23, 24, -1, -7, -8, 19]

------------------Test for each Algorithms------------------
187 [59, 26, -53, 58, 97]
187 [59, 26, -53, 58, 97]
187 [59, 26, -53, 58, 97]
187 [59, 26, -53, 58, 97]

------------------Test for each Algorithms------------------
7 [3, 2, 1, 1]
7 [3, 2, 1, 1]
7 [3, 2, 1, 1]
7 [3, 2, 1, 1]

------------------Test for each Algorithms------------------
210 [12, 99, 99]
210 [12, 99, 99]
210 [12, 99, 99]
210 [12, 99, 99]

------------------Test for each Algorithms------------------
6 [4, -1, 2, 1]
6 [4, -1, 2, 1]
6 [4, -1, 2, 1]
6 [4, -1, 2, 1]

